Numero de edificios: 6
4 | a | -0.400 | 90.000 | 10
	Numero de estudios: 0
5 | b | -0.040 | 56.000 | 10
	Numero de estudios: 0
0 | f | -12.000 | 3.000 | 20
	Numero de estudios: 11
		9 | 111 | T2 | 3 | 50.000 | 600.000 | 0.000 | 120
		3 | 113 | T4 | 3 | 50.000 | 600.000 | 0.000 | 120
		0 | 121 | T0 | 3 | 50.000 | 600.000 | 0.000 | 120
		1 | 122 | T1 | 3 | 50.000 | 600.000 | 0.000 | 120
		2 | 123 | T2 | 3 | 50.000 | 600.000 | 0.000 | 120
		6 | 127 | T1 | 3 | 50.000 | 600.000 | 0.000 | 120
		5 | 128 | T0 | 3 | 50.000 | 600.000 | 0.000 | 120
		8 | 129 | T4 | 3 | 50.000 | 600.000 | 0.000 | 120
		4 | 132 | T4 | 3 | 50.000 | 600.000 | 0.000 | 120
		10 | 145 | T4 | 3 | 50.000 | 600.000 | 0.000 | 120
		7 | 155 | T2 | 3 | 50.000 | 600.000 | 0.000 | 120
2 | k | -13213.000 | 478785.000 | 10
	Numero de estudios: 0
1 | o | -125453.000 | 434125.000 | 10
	Numero de estudios: 0
3 | z | -123.000 | 495.000 | 10
	Numero de estudios: 0
